# Created by Octave 7.2.0, Tue Sep 27 15:45:52 2022 GMT <unknown@IT-LAB7-PC27>
# name: lastSeed
# type: sparse matrix
# nnz: 1125
# rows: 50
# columns: 150
2 1 0.74520362284583563
5 1 0.63972058860891601
23 1 0.84773845125610958
30 1 0.81298670583357646
33 1 0.28530412001756644
35 1 0.039878386518417352
43 1 0.73747285558398679
1 2 0.11314087993567024
4 2 0.97156223250195672
5 2 0.8127341312844496
6 2 0.14070861003239177
13 2 0.22889248184745448
17 2 0.29144460859955179
20 2 0.46979009187500453
26 2 0.41383731914889466
27 2 0.21990310025223636
28 2 0.93472255376006264
45 2 0.015627288314722598
8 3 0.11062384366627354
19 3 0.18018694739358365
28 3 0.71151701559098068
48 3 0.54831335389988922
1 4 0.74878867325411902
10 4 0.1101780764821374
14 4 0.66352996139404152
20 4 0.12699396135419283
23 4 0.62476975709070737
24 4 0.11926301117945703
43 4 0.49480335236041917
44 4 0.60505670988637184
45 4 0.38914909897723937
10 5 0.69968763272610446
12 5 0.19856056621117479
14 5 0.42411217512806554
19 5 0.89996592563226274
25 5 0.9382558188134581
27 5 0.33800078206798589
28 5 0.63049724222382997
34 5 0.57280378233844087
35 5 0.45220793659649994
3 6 0.59706165968780867
8 6 0.28698298315322823
9 6 0.96188781642799437
17 6 0.99927077743671455
23 6 0.15196384443843092
42 6 0.32032857396312386
9 7 0.12798328265213488
11 7 0.66805710346696723
16 7 0.0068535390539897767
17 7 0.79760410161649198
18 7 0.88581882967654668
20 7 0.67614136340293685
22 7 0.95920338588668785
23 7 0.50166224278826632
34 7 0.062648848647011923
39 7 0.19394181721755699
41 7 0.0600716000978474
6 8 0.98518058384414542
10 8 0.89295236610332107
13 8 0.37951959707745186
36 8 0.97693113071686599
38 8 0.5315807013841789
39 8 0.98497704432107291
42 8 0.32660936517925288
7 9 0.86383384200799074
15 9 0.71259189863188266
17 9 0.43702668372239106
20 9 0.60215006216245781
26 9 0.91402797055280449
44 9 0.19883072151966996
8 10 0.3307886965260266
15 10 0.20847922872815861
25 10 0.00092752378247451528
26 10 0.35874807741382175
36 10 0.48718852344856878
41 10 0.77828776864921712
45 10 0.20302586677308476
50 10 0.93120724860640924
2 11 0.50611542653689245
32 11 0.95126143524655093
33 11 0.54407986998435276
37 11 0.034664852290210102
38 11 0.079220091661950653
2 12 0.58323747290696115
9 12 0.1258684263602573
10 12 0.20330216367556786
14 12 0.17725978317732738
25 12 0.64072982417712099
27 12 0.37051692960590221
28 12 0.35872787262942696
35 12 0.064566094966883258
41 12 0.27304972094793656
44 12 0.81404578428569863
31 13 0.92841968174468581
38 13 0.13127293994027089
40 13 0.032981173140574138
42 13 0.06922971403559719
50 13 0.72150119239810995
4 14 0.7517434242191352
23 14 0.22374759171106429
24 14 0.75223841341178932
31 14 0.77928374941133027
34 14 0.5320862743622885
36 14 0.25237014917994482
41 14 0.64440613089711285
42 14 0.33194809399939873
50 14 0.37211575133615948
27 15 0.24552323670595777
34 15 0.55131266172774673
1 16 0.280677730802111
9 16 0.55816706555779394
24 16 0.42976712580307197
31 16 0.95127245656054893
49 16 0.62207767754499854
4 17 0.061334087165084816
7 17 0.34727160443285598
13 17 0.071823720842284278
20 17 0.003227103421756472
31 17 0.032897792826862671
38 17 0.4672648273352239
39 17 0.15875923946648129
41 17 0.31200579163074704
47 17 0.59450303172549712
48 17 0.70498706045067661
6 18 0.34605667667786477
12 18 0.91309938416002423
17 18 0.48176662833988537
38 18 0.3154417136292591
44 18 0.64982006104453505
6 19 0.93970427841298088
10 19 0.88036544877842127
21 19 0.92095782338721632
26 19 0.73413755269784775
29 19 0.27133206351171779
33 19 0.93854154843369997
34 19 0.9864429047072818
47 19 0.51049443065488875
8 20 0.99095183452640678
31 20 0.81473707840851606
37 20 0.72859670500460405
41 20 0.94134156467853147
1 21 0.024136106189909246
7 21 0.9881599681350588
8 21 0.16003626112340164
19 21 0.51044565677701459
30 21 0.46321730111432391
31 21 0.94906587936005948
34 21 0.31414518633321098
35 21 0.25508242483162846
50 21 0.3284630786151036
24 22 0.49571701610859353
40 22 0.028334773913064604
3 23 0.78347114727989564
4 23 0.65595405948299568
5 23 0.93452188708143746
7 23 0.47386934115316082
8 23 0.29245433861538439
18 23 0.1170119722211711
26 23 0.99033525164824254
27 23 0.38592812719596625
37 23 0.7270310166171059
40 23 0.080133664919036729
3 24 0.88072356123780227
5 24 0.19939385820950262
13 24 0.41585501789321366
18 24 0.13121095585626663
24 24 0.21469333689975789
39 24 0.12688014898777344
40 24 0.5706939753517658
43 24 0.25639294028698101
46 24 0.52538470558359962
4 25 0.30299560957194271
5 25 0.9956642249319273
10 25 0.046005706812364044
16 25 0.41624292808589647
19 25 0.87613180708923388
26 25 0.62848236742749874
39 25 0.39067234222288727
41 25 0.8736879222577475
42 25 0.5342745410970825
49 25 0.79397850620894461
3 26 0.50562331844171737
14 26 0.82866856933938127
19 26 0.33531404299095313
32 26 0.18436996755915414
35 26 0.24409625321498229
42 26 0.49318601803364615
48 26 0.07208731423253445
50 26 0.65546532583193418
3 27 0.45375125173352615
7 27 0.59541519121459296
30 27 0.18829068126951942
37 27 0.94015021228608298
46 27 0.525689878686043
23 28 0.73297040169280114
32 28 0.29000176819431411
43 28 0.72055662517666863
6 29 0.77180589552168433
12 29 0.89260703098654237
15 29 0.91277746170987839
16 29 0.94445558553275322
28 29 0.03923968402018585
29 29 0.87504949482983385
39 29 0.26265636910553136
1 30 0.6978442942095977
5 30 0.48268299539218507
14 30 0.63538343276076292
20 30 0.36563033048098581
24 30 0.96739828919973114
28 30 0.41752767796522716
33 30 0.75656228815991011
36 30 0.1175820566769884
37 30 0.045479283534919146
42 30 0.2620432230164107
10 31 0.10629400901436115
15 31 0.43591839946673883
17 31 0.34750180724130153
29 31 0.78211100836580505
46 31 0.11852348387450573
1 32 0.16476177682240278
2 32 0.7940870504043418
3 32 0.59921417596149673
18 32 0.75643272314164822
25 32 0.21846017282935259
40 32 0.49713478608999173
42 32 0.87921262631869068
50 32 0.5865517338811882
16 33 0.45080887204462838
28 33 0.05154753870403328
30 33 0.21381032506178366
44 33 0.47207988148831892
50 33 0.0042106296314770031
2 34 0.89140757898123435
13 34 0.63769664727995778
14 34 0.61485057747377314
17 34 0.81907381459075068
42 34 0.031266704715106841
45 34 0.059106739347944748
2 35 0.6091878749105305
4 35 0.84796317662350462
8 35 0.74675695608846726
10 35 0.47002769665409894
14 35 0.63451734800646165
21 35 0.18338483556479268
25 35 0.19049144225441927
34 35 0.95833587434778444
42 35 0.87866452438264941
49 35 0.94186144184939136
50 35 0.48395595022202498
3 36 0.20711512330099069
14 36 0.10201760436959195
24 36 0.035690515149413127
27 36 0.090973773939595715
32 36 0.80068147441836479
34 36 0.28029877870875253
43 36 0.79419159095629877
44 36 0.63563454386343687
47 36 0.38872065081808582
48 36 0.035066912077919121
2 37 0.21418376281566287
3 37 0.1509458315195501
4 37 0.69102452840156503
5 37 0.5553576333525081
8 37 0.97169547720052629
14 37 0.34446682829516306
21 37 0.10794724472580397
24 37 0.32781528283757921
31 37 0.40287932558257578
44 37 0.29493483446936153
48 37 0.51135914980741004
5 38 0.77403537176038206
18 38 0.349832338129341
19 38 0.71773136391056469
22 38 0.92844541231059208
28 38 0.33220943410914083
37 38 0.24407025851749919
49 38 0.86821547220315365
4 39 0.37848193812574771
13 39 0.59777810358149175
15 39 0.66792517204658375
17 39 0.36419748408029873
25 39 0.74837387457998972
27 39 0.13940027907845332
33 39 0.35526634433555293
36 39 0.4364535963480064
48 39 0.40956632051156028
1 40 0.73402750629060387
2 40 0.70698612605521982
8 40 0.90090032930290187
12 40 0.73280141220754569
28 40 0.52828295551499449
38 40 0.36337031876089254
41 40 0.0026507883798182474
46 40 0.50788457181323066
16 41 0.42100672546982232
19 41 0.72794759856626712
23 41 0.3131196843602907
29 41 0.66427246790723837
32 41 0.14487720162278306
46 41 0.14587909266537946
49 41 0.48205293485484024
50 41 0.64015051555249491
5 42 0.80277083931981652
12 42 0.98571206080216112
13 42 0.29721473882570504
17 42 0.084024609907170089
25 42 0.25638431226898994
40 42 0.76009810155823176
41 42 0.48823155104334426
46 42 0.092343626986252425
47 42 0.95102505140640947
48 42 0.22678457432383836
49 42 0.48392121122935949
1 43 0.20944906524844586
3 43 0.03305796582774867
18 43 0.65057422342989413
32 43 0.89577420144429543
38 43 0.73349284886817789
41 43 0.80237265179212969
1 44 0.035188569516152901
3 44 0.32378500471011551
5 44 0.74601589748680208
34 44 0.64825675816299611
35 44 0.429562780235762
42 44 0.74818617017710554
15 45 0.86629338068643125
17 45 0.45179865082967741
23 45 0.10381859683481587
24 45 0.18018335612563985
41 45 0.84686188496357684
50 45 0.64529885936920217
6 46 0.21208242560439827
22 46 0.80267362878796578
27 46 0.6187830676845868
28 46 0.35082192931209777
32 46 0.098782871646444281
37 46 0.56817545842414963
38 46 0.33224649459075617
46 46 0.97126638212658067
3 47 0.082062850570868706
11 47 0.12474629498915124
28 47 0.73269778686673792
36 47 0.50782824761472167
41 47 0.64574436647511713
8 48 0.30322091428990761
14 48 0.72134569887907407
15 48 0.71197185033058608
16 48 0.86855799083219154
26 48 0.19996414776772231
27 48 0.76760672248565964
28 48 0.71356002074070957
32 48 0.34403633120411437
39 48 0.50020525361159673
48 48 0.0053441181204216814
49 48 0.51316442454069333
1 49 0.75620422221116423
5 49 0.46438583691842372
8 49 0.30378100079446935
10 49 0.21277137634894339
19 49 0.8523997378447602
28 49 0.52509366582277606
29 49 0.34143992546582369
33 49 0.18441777539166404
46 49 0.11152194064930987
6 50 0.92117676470976673
23 50 0.77163008715338988
27 50 0.32629770163169636
30 50 0.54410435396655432
31 50 0.97769383557910416
33 50 0.78221347615423198
35 50 0.15861609071992733
38 50 0.67672018799164413
48 50 0.62142581179991929
2 51 0.75923425341538564
17 51 0.33959728362833153
21 51 0.96509167225370385
38 51 0.27201124024448986
2 52 0.37522789933471257
4 52 0.94684033022636549
7 52 0.51427573256405767
11 52 0.88009458200830615
18 52 0.75265863603919148
19 52 0.58173095375438377
25 52 0.82407860838388181
26 52 0.58499863589807266
30 52 0.18167025887608168
35 52 0.0040289381004803282
38 52 0.97160684007060205
48 52 0.71847589587294158
5 53 0.035742398771340667
22 53 0.88242229720887699
32 53 0.24407285211162888
33 53 0.89461538862744228
34 53 0.51448142035445521
35 53 0.75435413565474507
42 53 0.28494629786641601
46 53 0.99154450741690325
2 54 0.11691621848136202
9 54 0.68495885072585161
23 54 0.9960847628993762
29 54 0.5306165175574995
31 54 0.14568968748318689
33 54 0.08650900820573082
37 54 0.9764116241736791
48 54 0.061413524485280591
1 55 0.15037246169012486
2 55 0.11184169357061668
6 55 0.4162628438729199
10 55 0.93620048516044496
17 55 0.0099458499921630805
18 55 0.21301638709360504
21 55 0.93298944414484586
25 55 0.42394695738831489
27 55 0.088278991843751431
29 55 0.80939997685574894
39 55 0.73979186716383971
42 55 0.1973428891565725
47 55 0.73772012010347343
3 56 0.55492391118586737
32 56 0.67861155925525207
36 56 0.99849732185034246
45 56 0.39837025025163475
5 57 0.6870852179196798
8 57 0.19628231131467888
15 57 0.2180379549755016
17 57 0.34893630525517494
18 57 0.27395486387513057
24 57 0.56877044831539747
26 57 0.2663139706850659
32 57 0.39289750164231185
39 57 0.82583074246380461
43 57 0.97492772144124329
45 57 0.031368468581463249
4 58 0.5261914040806962
7 58 0.32304446404744969
10 58 0.66672697599515729
11 58 0.19613356730236653
15 58 0.82167394219402368
16 58 0.38505642044408817
18 58 0.67887367902226881
24 58 0.099569591464023444
29 58 0.7496071884770148
38 58 0.81341161087393732
50 58 0.61090453521017163
11 59 0.61171412119761692
18 59 0.46616628409017302
19 59 0.78618139093182882
24 59 0.39861100080584
28 59 0.38513088619493807
36 59 0.32962485443870793
40 59 0.4027477487713923
41 59 0.71209836870835952
45 59 0.62711236105737078
49 59 0.30796445324915911
1 60 0.14015227700344923
22 60 0.32245384724922532
26 60 0.31539728231619713
34 60 0.35795697942724347
35 60 0.81806736589678997
38 60 0.28512508055336283
41 60 0.42708557893652133
2 61 0.48499214550294145
3 61 0.66790333313047456
23 61 0.52108830928769356
30 61 0.05385607458949182
45 61 0.84581411429737741
49 61 0.55016819015348917
1 62 0.87101228697362776
4 62 0.57633738370730792
15 62 0.75387479438738869
16 62 0.75221467749678594
18 62 0.60253638127289577
26 62 0.60126154617827854
34 62 0.083889503228572249
35 62 0.092760062564735235
11 63 0.85387550278079993
12 63 0.74761267216421345
23 63 0.47504579625409826
36 63 0.3096993490142711
38 63 0.4475954661554522
45 63 0.49395550533065524
13 64 0.37444525109622662
26 64 0.10870871735501575
28 64 0.44105477006716631
32 64 0.056767747329040552
38 64 0.93211260331416224
43 64 0.24614124100690704
47 64 0.289597435882742
48 64 0.86640311519732849
8 65 0.29740258215505355
10 65 0.6812335580549862
19 65 0.29280818536844178
20 65 0.97233589990566982
26 65 0.32234538841677718
30 65 0.68286155734376774
39 65 0.70314813849812607
43 65 0.16470092288806926
44 65 0.68719420345060911
48 65 0.80012505225599528
19 66 0.52524072962948587
29 66 0.41429188504437442
30 66 0.54423371460566083
32 66 0.57930257689267528
36 66 0.43125527545634479
38 66 0.33676418230999161
40 66 0.29287274291722831
4 67 0.40101876883900789
6 67 0.84099778779252798
21 67 0.32133791878323459
42 67 0.63723839249591974
46 67 0.00036237066504363202
1 68 0.44761563573418439
5 68 0.59258746432359033
10 68 0.28647704781754024
16 68 0.89033092709190964
28 68 0.60091433607231959
32 68 0.51070975310580569
34 68 0.28858136078081875
15 69 0.36404158102312822
43 69 0.95063009513314944
47 69 0.99220298641544535
5 70 0.0052638154195072673
11 70 0.68480680539793437
16 70 0.96385962965104643
18 70 0.66393483730617708
23 70 0.92106584835834815
39 70 0.78249649851927572
41 70 0.45073267854213361
44 70 0.24115302257445659
4 71 0.69204901559949106
9 71 0.78899454412289505
12 71 0.30057770337615963
26 71 0.39553761236351803
29 71 0.26638180241686715
36 71 0.98160001515164352
41 71 0.51780330643021943
45 71 0.81693052868559024
47 71 0.40923139004660425
50 71 0.48377196891552743
2 72 0.83676402664597416
14 72 0.96803807523357133
15 72 0.051850816097225527
19 72 0.46845172974146632
20 72 0.94566947570712201
24 72 0.54204518578836935
31 72 0.34922468763040015
37 72 0.22950784852552875
41 72 0.49180817214358374
49 72 0.21798750682436074
5 73 0.21974868745085741
10 73 0.68732926939669459
16 73 0.8850608228950233
18 73 0.44782004953500865
19 73 0.27237281877608532
30 73 0.48092873087666776
35 73 0.90438264193571916
42 73 0.52932363073697453
4 74 0.33253238869762769
16 74 0.79234988855647204
23 74 0.20503692691954678
44 74 0.19691616909236209
8 75 0.46187659719477692
29 75 0.45617719604687457
31 75 0.77345917581906909
5 76 0.97642595331112692
6 76 0.69195845238426013
13 76 0.14076368503862124
16 76 0.07786824337055942
26 76 0.91027875298342198
28 76 0.82679424696642378
29 76 0.065322435677738877
31 76 0.79292738041172495
32 76 0.85069903046800721
40 76 0.11076527833527872
5 77 0.40599187182803231
6 77 0.57872208766423283
16 77 0.84820612964111608
21 77 0.29114413936579731
27 77 0.46522605321176846
38 77 0.81820404682086556
10 78 0.19204777120721328
11 78 0.15873451852883713
12 78 0.54016279265127665
21 78 0.15109299957697842
25 78 0.27507964942731256
26 78 0.20026781561435358
40 78 0.7708880600622966
43 78 0.038369217643037579
5 79 0.54975586662782705
21 79 0.57639567030170824
23 79 0.036863886352789477
35 79 0.22006381137804332
37 79 0.72245269814392199
39 79 0.2871156055615729
10 80 0.88432234326683357
14 80 0.46552872116917554
15 80 0.86264819673460547
17 80 0.66856127320245029
18 80 0.37886454438817163
21 80 0.13096185761030998
23 80 0.46718815248524803
28 80 0.90212484789390679
45 80 0.098770071819564875
46 80 0.54460215052181127
49 80 0.11107961160736335
29 81 0.92552750144739426
30 81 0.22278832070169408
37 81 0.092469990827011683
18 82 0.38701603619256297
33 82 0.015866521809549838
38 82 0.1750467758400569
39 82 0.99144512138625041
48 82 0.8006835936780401
1 83 0.86045053061896859
7 83 0.13027340886565364
11 83 0.37965251841530023
15 83 0.48098032309614236
18 83 0.69404842544888368
22 83 0.89445743626860763
25 83 0.51775786875434171
48 83 0.68944931327095327
8 84 0.65894270906504238
19 84 0.23337137690122256
20 84 0.13787845750734484
21 84 0.51530224925007428
28 84 0.78769912248981666
30 84 0.20615025111120377
32 84 0.26781592748237448
33 84 0.18406711622303673
42 84 0.94482880895477439
44 84 0.20323097613303287
46 84 0.048649225186778167
47 84 0.21560234351168783
1 85 0.015268075064796327
8 85 0.1294386915744401
9 85 0.13978255900583336
11 85 0.61724373974293212
12 85 0.53908401215373702
15 85 0.55568926123625351
16 85 0.61578212552490474
17 85 0.34713126071518563
24 85 0.37411006032647975
32 85 0.037419217454236264
33 85 0.035903787102090412
35 85 0.32452422615132093
37 85 0.31101260362117267
41 85 0.40251698627652088
46 85 0.17200008324973604
9 86 0.47691259108147743
11 86 0.51858500025491128
17 86 0.63065322463624096
26 86 0.34821530107983267
31 86 0.74400726703585451
41 86 0.38319335555563228
10 87 0.81132673029903013
11 87 0.59636086527999355
17 87 0.76579808234271818
21 87 0.67198745352442635
28 87 0.60443220048165613
30 87 0.28325774465199927
40 87 0.8721299451803195
48 87 0.53293049309117257
17 88 0.79988279557894737
21 88 0.23230946665770058
26 88 0.60382443241466799
27 88 0.83282593688290107
47 88 0.059302760216690564
50 88 0.55158269800508097
1 89 0.9111353779128113
6 89 0.56857392564890397
12 89 0.94462946193867436
13 89 0.88731697356976502
14 89 0.37515719930388891
15 89 0.97281293195589924
16 89 0.89116064926361838
26 89 0.28421151978383652
35 89 0.24061673877466083
36 89 0.11548530710494331
39 89 0.24090957530618007
44 89 0.84012724285196649
50 89 0.79375197756755544
12 90 0.70815854955075475
24 90 0.57411017503612582
25 91 0.062288645163733447
27 91 0.46063184670216384
32 91 0.65368623751441235
40 91 0.12767588217497294
41 91 0.1394369752640694
47 91 0.057532368398503397
50 91 0.37603934939733141
11 92 0.185650111942256
12 92 0.52907610933807403
14 92 0.2719197958122318
17 92 0.91644939591301711
35 92 0.36491887165122416
39 92 0.18060197847440618
3 93 0.42022791536108917
17 93 0.0034198870636084067
18 93 0.25853297558270638
19 93 0.5067555665792125
44 93 0.0020714917776919473
48 93 0.4002042475239056
4 94 0.20193985163170458
15 94 0.97247706106613685
19 94 0.73343941642789245
24 94 0.82571889259136722
43 94 0.76389516691574466
48 94 0.76982573836131485
11 95 0.72422284862674124
17 95 0.42436352977829439
34 95 0.30575566803466259
40 95 0.96641910436896239
49 95 0.65596868093196847
5 96 0.36617870303655087
9 96 0.24633030047919879
10 96 0.56267376911628186
29 96 0.60386395823972727
38 96 0.38085278723529048
40 96 0.66995197704798159
50 96 0.020245433094791099
21 97 0.55504417152980234
33 97 0.95944241862479362
39 97 0.006277986623638987
46 97 0.86872750226712914
48 97 0.70912994825411857
11 98 0.93428373684718258
14 98 0.76142047200719487
25 98 0.88896998650813297
29 98 0.95205657808268596
31 98 0.72593374008193923
9 99 0.7415315167933404
11 99 0.93698208755399282
17 99 0.68559215059234979
23 99 0.96523872431291458
29 99 0.17740467203830113
39 99 0.35240591965692192
40 99 0.3901441722324398
43 99 0.73117990992775672
45 99 0.90821309553408647
14 100 0.13258316086059607
17 100 0.93464709288987324
29 100 0.33355167491829329
30 100 0.95146227308420239
47 100 0.82408178583206515
15 101 0.062209001679462639
21 101 0.409748135218853
27 101 0.30649756089923386
38 101 0.27881077207670135
45 101 0.70531449376631161
49 101 0.31567624685318496
9 102 0.44773590016592268
10 102 0.20899254919071908
12 102 0.15076734872115893
19 102 0.94532310552518384
1 103 0.00015681620656327055
10 103 0.37333556786690203
13 103 0.26672388821804804
15 103 0.30673296602720312
22 103 0.89125001857081443
39 103 0.67686624252227301
18 104 0.5286792888098063
29 104 0.71819895868493799
40 104 0.82905298799188631
42 104 0.91079152973526878
24 105 0.38308075473201719
26 105 0.14403522637941479
27 105 0.58425030323207316
43 105 0.074249214311114309
47 105 0.85430346765166087
5 106 0.55567258220187188
7 106 0.50079746135102154
30 106 0.034597537802521394
34 106 0.49223796946014564
39 106 0.30978798227058291
41 106 0.38905630208382114
47 106 0.053217929003853026
1 107 0.17881245756709285
9 107 0.88237331906883365
16 107 0.88330108876520985
18 107 0.013170890045494654
23 107 0.70787156612951885
39 107 0.093280302845731078
48 107 0.57893681122527274
4 108 0.63848978964395675
5 108 0.79043650566602341
19 108 0.047240701085313086
27 108 0.85893979730735115
29 108 0.38641423408286868
31 108 0.92035068030174771
36 108 0.29094381198978625
38 108 0.93217634678060124
45 108 0.6678061191455531
48 108 0.014505477056731442
18 109 0.92387993955564518
26 109 0.93792128156044963
33 109 0.70188602315978299
36 109 0.83203802207209643
39 109 0.2885075970488401
42 109 0.25293430662422201
2 110 0.81547631738940318
4 110 0.78968512736321683
23 110 0.2514920886351617
37 110 0.83040064856340323
40 110 0.65202831604551204
5 111 0.70087403944721927
6 111 0.11141415219518969
8 111 0.96975111171373984
12 111 0.11374797975042406
13 111 0.75045167687833514
20 111 0.73043375916352238
23 111 0.28416529355892928
33 111 0.66875537507038652
35 111 0.62164851279225453
38 111 0.33023935074824629
39 111 0.066515535717814656
41 111 0.50595495624589437
43 111 0.32281992117234304
44 111 0.75979928785177286
3 112 0.3165850361652589
16 112 0.36309272480828914
18 112 0.86652687020451669
19 112 0.67965753297302589
27 112 0.94114098220037601
46 112 0.17390661039223287
1 113 0.5328033704967079
3 113 0.57274547407077703
24 113 0.24623273635574727
31 113 0.25069244868010288
33 113 0.26654678917436136
36 113 0.055854752060760071
37 113 0.15626272373390904
44 113 0.39543506950054463
45 113 0.23327108288692189
7 114 0.54239674886855316
10 114 0.95868728372544243
24 114 0.19423133754944566
44 114 0.90137982415349271
45 114 0.59344042180400403
2 115 0.20777126455893313
17 115 0.45370105111166315
31 115 0.43073307899268964
35 115 0.069054435867685449
36 115 0.25918656551225283
38 115 0.81366675345811623
41 115 0.73735519568731045
5 116 0.60099450495499174
14 116 0.43223262332205814
18 116 0.086032802819554388
29 116 0.013240467653400922
30 116 0.5062604996867841
33 116 0.10343964943307149
35 116 0.60307836160847028
46 116 0.053116899711082022
50 116 0.44903606740326796
9 117 0.69056501826511496
21 117 0.070682323724547413
22 117 0.62085410427810706
31 117 0.30948148153073618
39 117 0.67402376204665571
50 117 0.52019469759557968
6 118 0.88509905130998334
7 118 0.11747840911301199
14 118 0.89325028619642777
16 118 0.20940603261264013
23 118 0.19104820713944348
27 118 0.26611756872627634
42 118 0.64894924464457504
43 118 0.22295766379007287
47 118 0.085904436201100332
2 119 0.65971021647559436
5 119 0.93229018010248599
6 119 0.1356113910845459
16 119 0.87991765551835266
17 119 0.70624796021425185
19 119 0.21630621150979823
21 119 0.69711570936742051
22 119 0.47772305591022135
23 119 0.37004648934035678
25 119 0.3998057616300108
31 119 0.91461106754822985
32 119 0.1494235145010977
34 119 0.20489208347073362
46 119 0.57045597989132923
3 120 0.74282157091463552
19 120 0.84415121558979966
21 120 0.022232029737690229
22 120 0.24280978155767519
25 120 0.028498342816769218
26 120 0.70376303230815584
45 120 0.11338501657741329
49 120 0.057328751569501457
50 120 0.27871198508555961
3 121 0.031711705221714404
5 121 0.76118303001627119
7 121 0.65748151555454526
16 121 0.98087534051240677
19 121 0.50639552572912361
26 121 0.89465843717890425
28 121 0.79271703638088808
47 121 0.30113983565768687
48 121 0.46103369574686803
6 122 0.99114162235692327
9 122 0.90363409611583401
11 122 0.31323520443361574
14 122 0.24723963679968164
23 122 0.72909311929045151
27 122 0.66749375143101308
29 122 0.23359346832227212
31 122 0.68566736971449127
32 122 0.77134881431634517
35 122 0.08092923239773675
36 122 0.35145653116804532
38 122 0.11260680316188787
39 122 0.76827552280993294
46 122 0.65878261483803413
8 123 0.54844450294377023
9 123 0.44794913825044624
14 123 0.4600485398682661
15 123 0.016904457216066815
16 123 0.92472526040003711
17 123 0.92585676386109161
32 123 0.66555698043910561
40 123 0.98906386794513002
45 123 0.89961640764709794
3 124 0.66776166398815928
9 124 0.99538201907135326
15 124 0.93438860133364166
16 124 0.11764006440116304
18 124 0.5202103362421856
22 124 0.69753206485492236
27 124 0.82823510654807431
30 124 0.20078061116240953
39 124 0.86306452338663076
12 125 0.90860936952816396
14 125 0.12231706332620884
23 125 0.1600296236563713
30 125 0.73319168556906478
32 125 0.69824470745623224
37 125 0.64068187492281869
38 125 0.65117565781333864
39 125 0.90151272694027595
44 125 0.8251359648521136
45 125 0.23185825674877214
50 125 0.83992967005698738
11 126 0.95561658051528853
24 126 0.48699717927326969
26 126 0.15074221432283619
32 126 0.94752695889821636
36 126 0.88906236013024265
37 126 0.61648943641563525
39 126 0.060970333747203287
42 126 0.3894700460239342
44 126 0.11229997227144761
3 127 0.13234544256924996
10 127 0.050665206447938593
14 127 0.5181585348255997
20 127 0.68918347165129856
34 127 0.11357502997489066
36 127 0.97818573927421026
39 127 0.62241398854919028
49 127 0.41574929111673276
4 128 0.83395973192809258
13 128 0.65643840485690108
18 128 0.73126396139327809
22 128 0.50985980650091667
35 128 0.049865135103149272
1 129 0.75838004061061315
9 129 0.70757020296385398
10 129 0.55798757077159744
13 129 0.8524470256310902
15 129 0.67071262468007997
19 129 0.0173638548394488
31 129 0.57814363629196619
32 129 0.7101328411719644
34 129 0.12684847490719664
39 129 0.89095826826565694
42 129 0.73037744107917613
48 129 0.65417851209417566
29 130 0.76090472585006552
50 130 0.017425059914490837
9 131 0.8594461912696828
19 131 0.59198550071445644
34 131 0.20396392472599123
45 131 0.81559201052890296
7 132 0.38646716044741469
11 132 0.07721286165916863
19 132 0.12002828037859503
20 132 0.91889879451155054
21 132 0.36018357999999129
22 132 0.45835771914835155
26 132 0.53188429873218357
36 132 0.71669984029710132
1 133 0.90358506678640449
5 133 0.74034878459294595
6 133 0.92015207826961576
10 133 0.58618827471393375
13 133 0.45218080166436925
15 133 0.2809807700784116
20 133 0.5454787460888848
25 133 0.10760430467364279
28 133 0.82346260016639461
33 133 0.63980661292619878
45 133 0.42772742269242969
2 134 0.72852653910056464
3 134 0.97185049447491512
8 134 0.05239424597636666
10 134 0.82098292495276948
19 134 0.34120404021071338
26 134 0.71226921448582681
28 134 0.017808214867486627
31 134 0.80739736480039526
36 134 0.31543480457148532
38 134 0.61789321203547698
43 134 0.9980338389145611
4 135 0.76156139412269996
9 135 0.85785949451135612
12 135 0.53730419560235987
25 135 0.77400311184957615
33 135 0.28224079211765618
41 135 0.54509629018844596
46 135 0.090234953685319974
3 136 0.2223832848674816
14 136 0.49107188813553859
17 136 0.068990286643647036
35 136 0.60063638938170372
48 136 0.11295139311387581
4 137 0.1944330241967116
14 137 0.087470880235593795
15 137 0.88790437556203572
20 137 0.28512013876501008
21 137 0.55597397953998406
34 137 0.16106407396630795
35 137 0.56835007034547391
39 137 0.52303920941639725
1 138 0.81277720776537699
7 138 0.047932471534107957
11 138 0.71982933903171298
13 138 0.66742644340410073
15 138 0.97475399950501596
17 138 0.75397318331213736
23 138 0.95650865195785839
31 138 0.70632364451699492
38 138 0.095370013763275696
46 138 0.0035919834812314644
3 139 0.08121696209037288
10 139 0.25227214831960054
30 139 0.18062699060287779
36 139 0.28039122698629848
44 139 0.61023537214418522
1 140 0.14956993105724103
2 140 0.77437787249242185
22 140 0.04736041909355404
38 140 0.049486791867015323
44 140 0.60287074906236759
46 140 0.31900045703991753
47 140 0.93464890824619296
11 141 0.093591542379054982
13 141 0.48983359852134589
22 141 0.38074637113954379
25 141 0.79076081389796804
32 141 0.88763829542404815
34 141 0.047435456743316839
48 141 0.27817703420511408
2 142 0.53199266638040654
6 142 0.5157514579054775
33 142 0.73016219945215
39 142 0.029374563623491556
41 142 0.8741819754512824
42 142 0.85284172884361542
43 142 0.66000565059753713
44 142 0.054903779182713497
47 142 0.19208668167361176
50 142 0.4205746101630472
2 143 0.75226598276685241
4 143 0.26347686008972937
9 143 0.84854066711032428
21 143 0.48253570581932326
35 143 0.86410336687949563
39 143 0.87765225062237684
42 143 0.66750137014499056
43 143 0.65988022605721275
1 144 0.12251191654295479
20 144 0.21312122579637904
25 144 0.49842909276433567
30 144 0.22475900526667369
31 144 0.52717217611969314
42 144 0.44610699355030925
1 145 0.47355208690262651
5 145 0.32800991306865179
14 145 0.97467756223724589
20 145 0.5405638208336061
25 145 0.82643814676784089
50 145 0.48614399439087985
3 146 0.6895872504446684
16 146 0.20221872219267645
47 146 0.52679209372308178
3 147 0.30301604504979984
10 147 0.6957010355044787
30 147 0.52052420750219697
31 147 0.61385197954341708
40 147 0.62519890621820917
44 147 0.042458046039312358
7 148 0.66286110103280271
12 148 0.6471221321086954
18 148 0.14980759157145296
24 148 0.61849905611782863
25 148 0.11183285011754474
27 148 0.11546735551647824
47 148 0.7888533138388526
48 148 0.66716458987239213
8 149 0.035909362499496833
21 149 0.57089861478629467
24 149 0.015205411766956334
25 149 0.74523277703278779
28 149 0.66572280675863604
31 149 0.72144684766436573
34 149 0.25627189402192918
47 149 0.19077321420958082
6 150 0.90647030449783561
9 150 0.60147617965172084
19 150 0.59699019132026698
22 150 0.43681553591377675
27 150 0.55565664860183595
34 150 0.98449979595651216
48 150 0.83646184671979629


